{
  "camera_angle_x": 0.22332830635492418,
  "camera_angle_y": 0.33853408746050495,
  "fl_x": 2283.052312375061,
  "fl_y": 2246.8969560627947,
  "k1": -0.2978508854323255,
  "k2": 0.013044384169908909,
  "k3": 0,
  "k4": 0,
  "p1": 0.004008823756676721,
  "p2": 0.0003757921369825322,
  "is_fisheye": false,
  "cx": 341.13442256221094,
  "cy": 300.5239142972584,
  "w": 512.0,
  "h": 768.0,
  "aabb_scale": 2,
  "frames": [
    {
      "file_path": "/volume/data/nerf/multiview_img/ta/43_91/jpg_w512h768/imgs/14_D.jpg",
      "sharpness": 502.49098157010843,
      "transform_matrix": [
        [
          0.38932538297708624,
          -0.11197048239942531,
          0.9142693023932501,
          3.414705656758286
        ],
        [
          0.9210957407252907,
          0.05044677041770575,
          -0.38605408917962813,
          -1.3508848864581358
        ],
        [
          -0.002895271000074526,
          0.9924302164300344,
          0.12277574263789735,
          0.4434899618243252
        ],
        [
          0.0,
          0.0,
          0.0,
          1.0
        ]
      ]
    },
    {
      "file_path": "/volume/data/nerf/multiview_img/ta/43_91/jpg_w512h768/imgs/14_C.jpg",
      "sharpness": 336.657620146224,
      "transform_matrix": [
        [
          0.3764911140640439,
          0.18421999551993898,
          0.907919288449752,
          3.4171988687455435
        ],
        [
          0.9251173823548733,
          -0.022803506348272256,
          -0.3789958165511224,
          -1.3940435074859
        ],
        [
          -0.04911486436924066,
          0.9826204727190779,
          -0.1790104375424597,
          -0.7154951228444305
        ],
        [
          0.0,
          0.0,
          0.0,
          1.0
        ]
      ]
    },
    {
      "file_path": "/volume/data/nerf/multiview_img/ta/43_91/jpg_w512h768/imgs/14_B.jpg",
      "sharpness": 283.56802433387685,
      "transform_matrix": [
        [
          0.3576738321277187,
          0.39322368704878674,
          0.8470209925453355,
          3.4945163254779383
        ],
        [
          0.9304087129306534,
          -0.0722975595459431,
          -0.35932254283107073,
          -1.4381703177691936
        ],
        [
          -0.08005658448656913,
          0.9165959823636156,
          -0.39171768973718707,
          -1.7540319127562425
        ],
        [
          0.0,
          0.0,
          0.0,
          1.0
        ]
      ]
    },
    {
      "file_path": "/volume/data/nerf/multiview_img/ta/43_91/jpg_w512h768/imgs/14_A.jpg",
      "sharpness": 232.29732289055963,
      "transform_matrix": [
        [
          0.341696409430452,
          0.6089235997310284,
          0.7158600516376077,
          3.081801761521856
        ],
        [
          0.9334569365269844,
          -0.1314754716198925,
          -0.33372495862932544,
          -1.371910570165716
        ],
        [
          -0.1090949652257623,
          0.7822571508846571,
          -0.613328654564602,
          -2.7740917811924666
        ],
        [
          0.0,
          0.0,
          0.0,
          1.0
        ]
      ]
    },
    {
      "file_path": "/volume/data/nerf/multiview_img/ta/43_91/jpg_w512h768/imgs/13_E.jpg",
      "sharpness": 1091.9101857989965,
      "transform_matrix": [
        [
          -0.013869000870330833,
          -0.33935710771720956,
          0.940555370148044,
          3.701805489333351
        ],
        [
          0.9999035679106312,
          -0.004038017116233019,
          0.013287185462678161,
          0.11588494760841221
        ],
        [
          -0.0007111221448939354,
          0.9406489504152798,
          0.3393803860651698,
          1.3583586135883345
        ],
        [
          0.0,
          0.0,
          0.0,
          1.0
        ]
      ]
    },
    {
      "file_path": "/volume/data/nerf/multiview_img/ta/43_91/jpg_w512h768/imgs/13_D.jpg",
      "sharpness": 1323.1647604985822,
      "transform_matrix": [
        [
          -0.007142273132036586,
          -0.12198606950587385,
          0.9925061142575751,
          3.6729382879927184
        ],
        [
          0.9999093306004813,
          0.010459520096236982,
          0.008481097665708252,
          0.09292209667454074
        ],
        [
          -0.011415713417050381,
          0.9924766986401645,
          0.12190030435284475,
          0.41802053143468226
        ],
        [
          0.0,
          0.0,
          0.0,
          1.0
        ]
      ]
    },
    {
      "file_path": "/volume/data/nerf/multiview_img/ta/43_91/jpg_w512h768/imgs/01_F.jpg",
      "sharpness": 396.4034636541941,
      "transform_matrix": [
        [
          0.9910082397239449,
          -0.13193448739898275,
          -0.02227015697454913,
          -0.13088503604282378
        ],
        [
          0.06580516455268416,
          0.6255149615487287,
          -0.7774321277108682,
          -3.116896080305452
        ],
        [
          0.11650042564065329,
          0.7689761530432643,
          0.6285724516188609,
          2.509812003047104
        ],
        [
          0.0,
          0.0,
          0.0,
          1.0
        ]
      ]
    },
    {
      "file_path": "/volume/data/nerf/multiview_img/ta/43_91/jpg_w512h768/imgs/02_B.jpg",
      "sharpness": 238.98893555292548,
      "transform_matrix": [
        [
          0.9294292014813624,
          -0.13311956418112425,
          -0.3441519157633725,
          -1.4661677909284074
        ],
        [
          -0.36833314027113734,
          -0.3907584237801345,
          -0.8435867187331889,
          -3.71694384544359
        ],
        [
          -0.022182363797862356,
          0.9108166862359214,
          -0.41221463689244514,
          -1.739262575907928
        ],
        [
          0.0,
          0.0,
          0.0,
          1.0
        ]
      ]
    },
    {
      "file_path": "/volume/data/nerf/multiview_img/ta/43_91/jpg_w512h768/imgs/02_A.jpg",
      "sharpness": 224.67662591843535,
      "transform_matrix": [
        [
          0.9443229396217669,
          -0.14983452756226748,
          -0.29292285692986025,
          -1.255280783852747
        ],
        [
          -0.3225866185914216,
          -0.5968277401441475,
          -0.7346662657971595,
          -3.3952809426339017
        ],
        [
          -0.06474611388636353,
          0.7882552016836631,
          -0.6119327396152925,
          -2.7513866862533076
        ],
        [
          0.0,
          0.0,
          0.0,
          1.0
        ]
      ]
    },
    {
      "file_path": "/volume/data/nerf/multiview_img/ta/43_91/jpg_w512h768/imgs/02_C.jpg",
      "sharpness": 272.62133759443856,
      "transform_matrix": [
        [
          0.9304081765136077,
          -0.04579117742415822,
          -0.3636533970752748,
          -1.4258908444657352
        ],
        [
          -0.36595148538083955,
          -0.1715419565934287,
          -0.9146873058460012,
          -3.6498709814438133
        ],
        [
          -0.020497206546520142,
          0.9841120491358081,
          -0.17636138842537663,
          -0.679149497684904
        ],
        [
          0.0,
          0.0,
          0.0,
          1.0
        ]
      ]
    },
    {
      "file_path": "/volume/data/nerf/multiview_img/ta/43_91/jpg_w512h768/imgs/14_F.jpg",
      "sharpness": 961.288535325452,
      "transform_matrix": [
        [
          0.34603604254595166,
          -0.6070187060799844,
          0.7153931421154196,
          2.7683438120639776
        ],
        [
          0.9371510968790036,
          0.1872182841562075,
          -0.29444377340376393,
          -1.113648809237413
        ],
        [
          0.044798201780894144,
          0.7723196259341176,
          0.6336525203705884,
          2.510642161670568
        ],
        [
          0.0,
          0.0,
          0.0,
          1.0
        ]
      ]
    },
    {
      "file_path": "/volume/data/nerf/multiview_img/ta/43_91/jpg_w512h768/imgs/00_B.jpg",
      "sharpness": 204.6781959235086,
      "transform_matrix": [
        [
          0.9160811729039753,
          0.17844955201369073,
          0.359097538413514,
          1.4112630943952826
        ],
        [
          0.40062962318019496,
          -0.36919549927997536,
          -0.8385645999814598,
          -3.3367676113046647
        ],
        [
          -0.017064282216443728,
          0.9120583538063104,
          -0.40970522279118815,
          -1.6663612768219265
        ],
        [
          0.0,
          0.0,
          0.0,
          1.0
        ]
      ]
    },
    {
      "file_path": "/volume/data/nerf/multiview_img/ta/43_91/jpg_w512h768/imgs/15_A.jpg",
      "sharpness": 194.87044014967339,
      "transform_matrix": [
        [
          0.6824888673146313,
          0.4914865581706079,
          0.5409712646590911,
          2.3739465413523426
        ],
        [
          0.7268068741911551,
          -0.37818492538282694,
          -0.5733480006434392,
          -2.4976091277228774
        ],
        [
          -0.07720565811089138,
          0.7844852614303595,
          -0.6153228104109426,
          -2.7665202261323305
        ],
        [
          0.0,
          0.0,
          0.0,
          1.0
        ]
      ]
    },
    {
      "file_path": "/volume/data/nerf/multiview_img/ta/43_91/jpg_w512h768/imgs/00_C.jpg",
      "sharpness": 244.12227958253877,
      "transform_matrix": [
        [
          0.930314444014449,
          0.09002708808554082,
          0.3555420632310331,
          1.3507863438961785
        ],
        [
          0.3658428029520631,
          -0.1591618860537615,
          -0.916965941328329,
          -3.5143740891459534
        ],
        [
          -0.025963028216109293,
          0.983139164866851,
          -0.1810063637792228,
          -0.7148256959849122
        ],
        [
          0.0,
          0.0,
          0.0,
          1.0
        ]
      ]
    },
    {
      "file_path": "/volume/data/nerf/multiview_img/ta/43_91/jpg_w512h768/imgs/15_C.jpg",
      "sharpness": 253.42401113420627,
      "transform_matrix": [
        [
          0.7048347463749234,
          0.1261607958041979,
          0.6980626289684213,
          2.655521322649737
        ],
        [
          0.7092607112235257,
          -0.10794008407897968,
          -0.6966334629946239,
          -2.640127109568625
        ],
        [
          -0.012538893211990962,
          0.9861198669068073,
          -0.16556081754610702,
          -0.7030652003488987
        ],
        [
          0.0,
          0.0,
          0.0,
          1.0
        ]
      ]
    },
    {
      "file_path": "/volume/data/nerf/multiview_img/ta/43_91/jpg_w512h768/imgs/00_D.jpg",
      "sharpness": 249.06201201816376,
      "transform_matrix": [
        [
          0.9322196406043399,
          -0.05406333542069505,
          0.3578319402909128,
          1.3424647945199746
        ],
        [
          0.36183192197627767,
          0.1210759793521971,
          -0.9243474819909555,
          -3.4947656406463583
        ],
        [
          0.006648455349932663,
          0.991169896155097,
          0.1324312465212421,
          0.4709056362891379
        ],
        [
          0.0,
          0.0,
          0.0,
          1.0
        ]
      ]
    },
    {
      "file_path": "/volume/data/nerf/multiview_img/ta/43_91/jpg_w512h768/imgs/01_C.jpg",
      "sharpness": 217.88432244953916,
      "transform_matrix": [
        [
          0.9999071326453524,
          -0.013051154423725805,
          -0.003923456487938317,
          -0.02267628806127964
        ],
        [
          -0.006190362613350508,
          -0.17848278967603196,
          -0.9839235606490666,
          -3.8606807067204136
        ],
        [
          0.012141068872033488,
          0.9838564738891719,
          -0.17854700582991034,
          -0.6728048167458843
        ],
        [
          0.0,
          0.0,
          0.0,
          1.0
        ]
      ]
    },
    {
      "file_path": "/volume/data/nerf/multiview_img/ta/43_91/jpg_w512h768/imgs/15_D.jpg",
      "sharpness": 293.66687471078086,
      "transform_matrix": [
        [
          0.7037507367497118,
          -0.09264240091316257,
          0.7043807820596313,
          2.6359706517118817
        ],
        [
          0.7101845724544074,
          0.06479102675897151,
          -0.7010278139271151,
          -2.615875514769022
        ],
        [
          0.019307345690182866,
          0.9935892050853676,
          0.11138993670006053,
          0.43555660572602056
        ],
        [
          0.0,
          0.0,
          0.0,
          1.0
        ]
      ]
    },
    {
      "file_path": "/volume/data/nerf/multiview_img/ta/43_91/jpg_w512h768/imgs/00_A.jpg",
      "sharpness": 149.51317340094175,
      "transform_matrix": [
        [
          0.900706553295857,
          0.3309184395374625,
          0.2814617048225975,
          1.2694190321358025
        ],
        [
          0.42665441442488267,
          -0.5518053772243342,
          -0.7165729804550487,
          -3.203773035066841
        ],
        [
          -0.08181513030305573,
          0.7655088582647211,
          -0.6382025324531024,
          -2.7575520975161987
        ],
        [
          0.0,
          0.0,
          0.0,
          1.0
        ]
      ]
    },
    {
      "file_path": "/volume/data/nerf/multiview_img/ta/43_91/jpg_w512h768/imgs/01_D.jpg",
      "sharpness": 250.91119127005948,
      "transform_matrix": [
        [
          0.9999405062463625,
          0.004978362115233743,
          -0.009705665153537213,
          -0.042612617766893054
        ],
        [
          -0.010242673312346087,
          0.12254246116887706,
          -0.9924104155309191,
          -3.821045814156049
        ],
        [
          -0.003751222320246941,
          0.9924507852675972,
          0.12258616239465915,
          0.4596343357997737
        ],
        [
          0.0,
          0.0,
          0.0,
          1.0
        ]
      ]
    },
    {
      "file_path": "/volume/data/nerf/multiview_img/ta/43_91/jpg_w512h768/imgs/15_E.jpg",
      "sharpness": 299.48396544483785,
      "transform_matrix": [
        [
          0.7091756168055082,
          -0.23387957145542085,
          0.6651092321130494,
          2.64282062672842
        ],
        [
          0.7050092692221251,
          0.2428010224597348,
          -0.6663404488724614,
          -2.617488180396312
        ],
        [
          -0.0056457829787535585,
          0.9414605725164973,
          0.3370758306216605,
          1.3730482827484833
        ],
        [
          0.0,
          0.0,
          0.0,
          1.0
        ]
      ]
    },
    {
      "file_path": "/volume/data/nerf/multiview_img/ta/43_91/jpg_w512h768/imgs/00_F.jpg",
      "sharpness": 329.4184800086271,
      "transform_matrix": [
        [
          0.8998575471974058,
          -0.349720301450619,
          0.26067624664094713,
          1.035153290889311
        ],
        [
          0.42388681269637,
          0.5602345179601066,
          -0.7116581025382065,
          -2.833567207437381
        ],
        [
          0.10284145476889626,
          0.7508881379274743,
          0.6523730831040191,
          2.517620996380418
        ],
        [
          0.0,
          0.0,
          0.0,
          1.0
        ]
      ]
    },
    {
      "file_path": "/volume/data/nerf/multiview_img/ta/43_91/jpg_w512h768/imgs/01_E.jpg",
      "sharpness": 254.99352990709158,
      "transform_matrix": [
        [
          0.9993695787372122,
          -0.03493037482384673,
          -0.006349335943825224,
          -0.035396380196279754
        ],
        [
          0.005954591016387197,
          0.34122122624298484,
          -0.9399641576183754,
          -3.8224914315037606
        ],
        [
          0.03499982854317177,
          0.9393337765283836,
          0.3412141092227719,
          1.3733771584714831
        ],
        [
          0.0,
          0.0,
          0.0,
          1.0
        ]
      ]
    },
    {
      "file_path": "/volume/data/nerf/multiview_img/ta/43_91/jpg_w512h768/imgs/15_F.jpg",
      "sharpness": 406.82542142641904,
      "transform_matrix": [
        [
          0.6792105092279657,
          -0.5012050817925231,
          0.5361590717289906,
          2.0976210265160042
        ],
        [
          0.7319467090516156,
          0.4087161901698933,
          -0.5451651960659979,
          -2.14723564326471
        ],
        [
          0.05410267356259572,
          0.7627217985135542,
          0.6444597418329904,
          2.520874199387173
        ],
        [
          0.0,
          0.0,
          0.0,
          1.0
        ]
      ]
    },
    {
      "file_path": "/volume/data/nerf/multiview_img/ta/43_91/jpg_w512h768/imgs/01_A.jpg",
      "sharpness": 190.51679719890754,
      "transform_matrix": [
        [
          0.9929711273552189,
          0.11826116163487939,
          -0.004757934985843063,
          -0.01286909791309829
        ],
        [
          0.07163131421690362,
          -0.6324767254809619,
          -0.7712601030447509,
          -3.522295855668708
        ],
        [
          -0.09421939884860633,
          0.7654981968684543,
          -0.6365023295554921,
          -2.7790871421404475
        ],
        [
          0.0,
          0.0,
          0.0,
          1.0
        ]
      ]
    },
    {
      "file_path": "/volume/data/nerf/multiview_img/ta/43_91/jpg_w512h768/imgs/02_D.jpg",
      "sharpness": 304.5851699964391,
      "transform_matrix": [
        [
          0.922582173953071,
          0.048331459891070544,
          -0.3827612863737373,
          -1.4767760127625635
        ],
        [
          -0.38577162827974515,
          0.10340204946184887,
          -0.9167814717704783,
          -3.604287138745729
        ],
        [
          -0.004731085466053516,
          0.9934646879527506,
          0.11404179356303101,
          0.4359254881092772
        ],
        [
          0.0,
          0.0,
          0.0,
          1.0
        ]
      ]
    },
    {
      "file_path": "/volume/data/nerf/multiview_img/ta/43_91/jpg_w512h768/imgs/02_F.jpg",
      "sharpness": 610.4676690680528,
      "transform_matrix": [
        [
          0.9376494331202736,
          0.13412524100198975,
          -0.3206617538046005,
          -1.301932071024062
        ],
        [
          -0.3313993707911671,
          0.6231961583519012,
          -0.7083791394830958,
          -2.9253965391358796
        ],
        [
          0.10482365029745794,
          0.7704784020181893,
          0.6287885450766658,
          2.49967685749836
        ],
        [
          0.0,
          0.0,
          0.0,
          1.0
        ]
      ]
    },
    {
      "file_path": "/volume/data/nerf/multiview_img/ta/43_91/jpg_w512h768/imgs/03_C.jpg",
      "sharpness": 341.53464486868415,
      "transform_matrix": [
        [
          0.7125625048975145,
          -0.11470009088357622,
          -0.692169463226408,
          -2.741214123380021
        ],
        [
          -0.7013531362771872,
          -0.1430703736042478,
          -0.6983084178434731,
          -2.8734568706438908
        ],
        [
          -0.018932904709841183,
          0.9830436192787043,
          -0.1823918522645406,
          -0.6922433747378652
        ],
        [
          0.0,
          0.0,
          0.0,
          1.0
        ]
      ]
    },
    {
      "file_path": "/volume/data/nerf/multiview_img/ta/43_91/jpg_w512h768/imgs/03_D.jpg",
      "sharpness": 591.2203814609802,
      "transform_matrix": [
        [
          0.7023845807109754,
          0.05899912381464537,
          -0.7093482954277297,
          -2.770423773254956
        ],
        [
          -0.7113314324118666,
          0.09424402193220605,
          -0.6965096249105854,
          -2.8220405630185152
        ],
        [
          0.025758378713672096,
          0.993799359919504,
          0.10816347908348545,
          0.4231894680806117
        ],
        [
          0.0,
          0.0,
          0.0,
          1.0
        ]
      ]
    },
    {
      "file_path": "/volume/data/nerf/multiview_img/ta/43_91/jpg_w512h768/imgs/03_E.jpg",
      "sharpness": 822.8217410135743,
      "transform_matrix": [
        [
          0.709580323463211,
          0.1946205170058657,
          -0.6772138650174474,
          -2.78698315603805
        ],
        [
          -0.7022186052828469,
          0.27467551289349645,
          -0.6568427460294195,
          -2.8183207772894785
        ],
        [
          0.058178990888456204,
          0.9416348639627776,
          0.33157048729767635,
          1.3392347649382335
        ],
        [
          0.0,
          0.0,
          0.0,
          1.0
        ]
      ]
    },
    {
      "file_path": "/volume/data/nerf/multiview_img/ta/43_91/jpg_w512h768/imgs/04_D.jpg",
      "sharpness": 2479.077155792775,
      "transform_matrix": [
        [
          0.35799102081118955,
          0.04234360574649876,
          -0.932764411911498,
          -3.698137839607547
        ],
        [
          -0.9325637480345687,
          0.06602156736411482,
          -0.35491690364740885,
          -1.5296908903819633
        ],
        [
          0.04655410701505001,
          0.9969193406453293,
          0.06312323997648715,
          0.3427652934763726
        ],
        [
          0.0,
          0.0,
          0.0,
          1.0
        ]
      ]
    },
    {
      "file_path": "/volume/data/nerf/multiview_img/ta/43_91/jpg_w512h768/imgs/05_D.jpg",
      "sharpness": 3233.1765878719743,
      "transform_matrix": [
        [
          0.027659056913804998,
          0.04351207934704365,
          -0.9986699532774531,
          -4.003267522305622
        ],
        [
          -0.998942104352777,
          0.037919942409049,
          -0.02601442136778387,
          -0.2708361139108785
        ],
        [
          0.036737565547206266,
          0.9983329990420601,
          0.04451487795296086,
          0.2681744956375635
        ],
        [
          0.0,
          0.0,
          0.0,
          1.0
        ]
      ]
    },
    {
      "file_path": "/volume/data/nerf/multiview_img/ta/43_91/jpg_w512h768/imgs/11_D.jpg",
      "sharpness": 2585.603247095513,
      "transform_matrix": [
        [
          -0.6785389619035812,
          -0.12657769141894976,
          0.7235765096183777,
          2.616745958556008
        ],
        [
          0.7322381438065617,
          -0.03822105411427186,
          0.67997533174173,
          2.7223017110230505
        ],
        [
          -0.058413850783762794,
          0.9912200760250686,
          0.1186194881934902,
          0.43021153305409604
        ],
        [
          0.0,
          0.0,
          0.0,
          1.0
        ]
      ]
    },
    {
      "file_path": "/volume/data/nerf/multiview_img/ta/43_91/jpg_w512h768/imgs/12_D.jpg",
      "sharpness": 2765.501890314019,
      "transform_matrix": [
        [
          -0.36131583711968507,
          -0.08970602010964696,
          0.9281183630659635,
          3.3776119286660142
        ],
        [
          0.9322134689410683,
          -0.01264423097332527,
          0.36168794802718296,
          1.435670785101862
        ],
        [
          -0.020710243385952825,
          0.9958880225391704,
          0.08819372109017284,
          0.3891055471295901
        ],
        [
          0.0,
          0.0,
          0.0,
          1.0
        ]
      ]
    },
    {
      "file_path": "/volume/data/nerf/multiview_img/ta/43_91/jpg_w512h768/imgs/13_C.jpg",
      "sharpness": 785.9915769727028,
      "transform_matrix": [
        [
          -0.0043258099185874855,
          0.202906876415449,
          0.9791884838628001,
          3.702268698352144
        ],
        [
          0.9996497196699621,
          0.026444408382289813,
          -0.0010635926088325973,
          0.08930256087866044
        ],
        [
          -0.02610987040453989,
          0.9788408924980467,
          -0.20295019561188243,
          -0.7168526580199264
        ],
        [
          0.0,
          0.0,
          0.0,
          1.0
        ]
      ]
    }
  ]
}