{
  "camera_angle_x": 0.2338908412916379,
  "camera_angle_y": 0.3486128490637232,
  "fl_x": 22573.771248402198,
  "fl_y": 22578.920814786597,
  "k1": -0.18834762040448053,
  "k2": -0.5947731442574804,
  "k3": 0,
  "k4": 0,
  "p1": 0.0013981231142876686,
  "p2": -0.0013505057306556485,
  "is_fisheye": false,
  "cx": 2660.874851970394,
  "cy": 4140.1526362473005,
  "w": 5304.0,
  "h": 7952.0,
  "aabb_scale": 2,
  "frames": [
    {
      "file_path": "/volume/data/nerf/multiview_img/ta/43_91/jpg_w5h8/imgs/14_D.jpg",
      "sharpness": 106.41696094743251,
      "transform_matrix": [
        [
          0.0062945184888669485,
          -0.14644790189490778,
          0.9891983578094208,
          3.793794572914145
        ],
        [
          0.9999166115476091,
          -0.010232899585661748,
          -0.007877672068457074,
          0.03413868453891605
        ],
        [
          0.01127603601200696,
          0.9891654562417397,
          0.14637127865537625,
          0.5567525141811396
        ],
        [
          0.0,
          0.0,
          0.0,
          1.0
        ]
      ]
    },
    {
      "file_path": "/volume/data/nerf/multiview_img/ta/43_91/jpg_w5h8/imgs/14_C.jpg",
      "sharpness": 83.18170604151878,
      "transform_matrix": [
        [
          -0.009185284267059581,
          0.1495145005709621,
          0.9887168678126368,
          3.7962282313141396
        ],
        [
          0.9996613402531576,
          0.02544850162862719,
          0.005438618217854329,
          0.01985017741242946
        ],
        [
          -0.02434821053414243,
          0.9884319844628355,
          -0.14969761774967907,
          -0.5770948666938436
        ],
        [
          0.0,
          0.0,
          0.0,
          1.0
        ]
      ]
    },
    {
      "file_path": "/volume/data/nerf/multiview_img/ta/43_91/jpg_w5h8/imgs/13_E.jpg",
      "sharpness": 143.34607610193126,
      "transform_matrix": [
        [
          -0.39364963756935156,
          -0.334611264332526,
          0.8561981456699078,
          3.5720514087680475
        ],
        [
          0.9191467229363184,
          -0.15792789928442402,
          0.3608712794654579,
          1.4833126026556331
        ],
        [
          0.01446597943363455,
          0.9290285681474139,
          0.3697251073842221,
          1.5008887031594136
        ],
        [
          0.0,
          0.0,
          0.0,
          1.0
        ]
      ]
    },
    {
      "file_path": "/volume/data/nerf/multiview_img/ta/43_91/jpg_w5h8/imgs/14_B.jpg",
      "sharpness": 67.92389978052508,
      "transform_matrix": [
        [
          -0.024774932106288994,
          0.3720972728909773,
          0.9278630406862364,
          3.846124575042673
        ],
        [
          0.9983655427648132,
          0.05702532915161886,
          0.003788780156048715,
          0.008121780882881268
        ],
        [
          -0.051501900539105375,
          0.9264403549972559,
          -0.3729018944691774,
          -1.6438705670840896
        ],
        [
          0.0,
          0.0,
          0.0,
          1.0
        ]
      ]
    },
    {
      "file_path": "/volume/data/nerf/multiview_img/ta/43_91/jpg_w5h8/imgs/14_A.jpg",
      "sharpness": 52.5975464634065,
      "transform_matrix": [
        [
          -0.042409480523234254,
          0.5988197638604156,
          0.7997601680486393,
          3.415147977905597
        ],
        [
          0.9967685118775699,
          0.08001713158574106,
          -0.007056371742333225,
          -0.029883573004865133
        ],
        [
          -0.06822000946423763,
          0.7968764955048262,
          -0.6002781698895346,
          -2.6637266616884463
        ],
        [
          0.0,
          0.0,
          0.0,
          1.0
        ]
      ]
    },
    {
      "file_path": "/volume/data/nerf/multiview_img/ta/43_91/jpg_w5h8/imgs/13_D.jpg",
      "sharpness": 151.28089068422463,
      "transform_matrix": [
        [
          -0.3875828634918502,
          -0.14155909021798574,
          0.9109009539622823,
          3.536802379071398
        ],
        [
          0.9217833947445913,
          -0.0699569806261337,
          0.38134157134360847,
          1.466550610312654
        ],
        [
          0.00974151448696776,
          0.9874548318092766,
          0.1576009456104116,
          0.575475919667841
        ],
        [
          0.0,
          0.0,
          0.0,
          1.0
        ]
      ]
    },
    {
      "file_path": "/volume/data/nerf/multiview_img/ta/43_91/jpg_w5h8/imgs/02_A.jpg",
      "sharpness": 47.92486095855359,
      "transform_matrix": [
        [
          0.9974921999837701,
          0.068557236644919,
          -0.017584547205791123,
          -0.047208961595161636
        ],
        [
          0.027750864881459718,
          -0.6074021485477613,
          -0.7939096418597614,
          -3.4129707529591404
        ],
        [
          -0.06510914294569971,
          0.7914306888535112,
          -0.6077814280405546,
          -2.688556571763649
        ],
        [
          0.0,
          0.0,
          0.0,
          1.0
        ]
      ]
    },
    {
      "file_path": "/volume/data/nerf/multiview_img/ta/43_91/jpg_w5h8/imgs/02_B.jpg",
      "sharpness": 46.97954947644487,
      "transform_matrix": [
        [
          0.9997156767045038,
          0.0238339813870082,
          0.000712115005803603,
          -0.0035991464158850657
        ],
        [
          0.010126089289843947,
          -0.3973216457789643,
          -0.9176235459659862,
          -3.825950521247894
        ],
        [
          -0.021587683808744013,
          0.9173698551555057,
          -0.3974500230029218,
          -1.64774161430091
        ],
        [
          0.0,
          0.0,
          0.0,
          1.0
        ]
      ]
    },
    {
      "file_path": "/volume/data/nerf/multiview_img/ta/43_91/jpg_w5h8/imgs/01_F.jpg",
      "sharpness": 116.9807022753998,
      "transform_matrix": [
        [
          0.8970315393022403,
          -0.3384819710813508,
          0.28419073309173704,
          1.139431048941262
        ],
        [
          0.43391717207411346,
          0.5523217748155028,
          -0.7117981067998553,
          -2.927717995704363
        ],
        [
          0.08396609611424188,
          0.7618205906479304,
          0.6423231915425873,
          2.61107793856318
        ],
        [
          0.0,
          0.0,
          0.0,
          1.0
        ]
      ]
    },
    {
      "file_path": "/volume/data/nerf/multiview_img/ta/43_91/jpg_w5h8/imgs/02_D.jpg",
      "sharpness": 79.82266669833541,
      "transform_matrix": [
        [
          0.9995929823157353,
          0.028240688076946078,
          0.0040414437217656364,
          0.001569617287582969
        ],
        [
          9.405736376520235e-05,
          0.13840070156395165,
          -0.9903763107828353,
          -3.787613845694522
        ],
        [
          -0.028528247118038197,
          0.9899735902378123,
          0.1383417137862291,
          0.5514196882951617
        ],
        [
          0.0,
          0.0,
          0.0,
          1.0
        ]
      ]
    },
    {
      "file_path": "/volume/data/nerf/multiview_img/ta/43_91/jpg_w5h8/imgs/15_A.jpg",
      "sharpness": 45.77354570946893,
      "transform_matrix": [
        [
          0.3532922424257697,
          0.5820808988616804,
          0.7323704108218951,
          3.1390312301116023
        ],
        [
          0.9343448969835368,
          -0.18043663524800932,
          -0.30731455243968087,
          -1.3330557638514975
        ],
        [
          -0.04673547823345943,
          0.792858403414661,
          -0.6076111809655311,
          -2.679876806652239
        ],
        [
          0.0,
          0.0,
          0.0,
          1.0
        ]
      ]
    },
    {
      "file_path": "/volume/data/nerf/multiview_img/ta/43_91/jpg_w5h8/imgs/00_A.jpg",
      "sharpness": 43.96955320238819,
      "transform_matrix": [
        [
          0.677243834370202,
          0.49289388591279026,
          0.54625672175509,
          2.3648991464883466
        ],
        [
          0.7334423001953521,
          -0.39339919429196996,
          -0.5543459806064989,
          -2.4151238272073017
        ],
        [
          -0.05833679030624828,
          0.7760751839748804,
          -0.6279364042165442,
          -2.668936209653031
        ],
        [
          0.0,
          0.0,
          0.0,
          1.0
        ]
      ]
    },
    {
      "file_path": "/volume/data/nerf/multiview_img/ta/43_91/jpg_w5h8/imgs/15_C.jpg",
      "sharpness": 67.01531929130684,
      "transform_matrix": [
        [
          0.3844604633513141,
          0.12701391427445632,
          0.9143618636653958,
          3.509568085874397
        ],
        [
          0.9231373613735686,
          -0.05584816493067398,
          -0.3803924217306683,
          -1.443187825815478
        ],
        [
          0.0027503017239514527,
          0.9903274448785934,
          -0.1387227010476178,
          -0.5809791744716735
        ],
        [
          0.0,
          0.0,
          0.0,
          1.0
        ]
      ]
    },
    {
      "file_path": "/volume/data/nerf/multiview_img/ta/43_91/jpg_w5h8/imgs/00_B.jpg",
      "sharpness": 51.32777644827043,
      "transform_matrix": [
        [
          0.6962619908992912,
          0.28162902052588074,
          0.6602305164500281,
          2.5758541832190947
        ],
        [
          0.7177796930336262,
          -0.26882468097892226,
          -0.6422815606610036,
          -2.513798913048259
        ],
        [
          -0.00339886887356477,
          0.9210962955726678,
          -0.38931999948367874,
          -1.5624623278549379
        ],
        [
          0.0,
          0.0,
          0.0,
          1.0
        ]
      ]
    },
    {
      "file_path": "/volume/data/nerf/multiview_img/ta/43_91/jpg_w5h8/imgs/14_F.jpg",
      "sharpness": 117.56713013224552,
      "transform_matrix": [
        [
          -0.02946318304768355,
          -0.6525165776978369,
          0.7572014505397382,
          3.157984101069738
        ],
        [
          0.9986292504866925,
          -0.052001530317733205,
          -0.005954906968348882,
          -0.02189406305719116
        ],
        [
          0.043261309702369785,
          0.7559880665058946,
          0.6531542715230434,
          2.6406977139320422
        ],
        [
          0.0,
          0.0,
          0.0,
          1.0
        ]
      ]
    },
    {
      "file_path": "/volume/data/nerf/multiview_img/ta/43_91/jpg_w5h8/imgs/00_C.jpg",
      "sharpness": 63.02369225720831,
      "transform_matrix": [
        [
          0.7206148933194526,
          0.11822012313271343,
          0.6831823900233099,
          2.6010317796429976
        ],
        [
          0.6930359661512063,
          -0.09385539348535389,
          -0.7147673150995184,
          -2.718063474030437
        ],
        [
          -0.02037952796440175,
          0.9885419402459659,
          -0.1495643916176982,
          -0.5745611544203119
        ],
        [
          0.0,
          0.0,
          0.0,
          1.0
        ]
      ]
    },
    {
      "file_path": "/volume/data/nerf/multiview_img/ta/43_91/jpg_w5h8/imgs/00_F.jpg",
      "sharpness": 82.82241566384329,
      "transform_matrix": [
        [
          0.6745586548586725,
          -0.5287316135115241,
          0.5151829791967517,
          2.164756834048617
        ],
        [
          0.7339523965128584,
          0.40539941012091524,
          -0.5449451329506911,
          -2.251899060489934
        ],
        [
          0.0792748435495722,
          0.7457172380790889,
          0.6615295156205574,
          2.611579365426058
        ],
        [
          0.0,
          0.0,
          0.0,
          1.0
        ]
      ]
    },
    {
      "file_path": "/volume/data/nerf/multiview_img/ta/43_91/jpg_w5h8/imgs/15_D.jpg",
      "sharpness": 78.17687146634606,
      "transform_matrix": [
        [
          0.3802655202529423,
          -0.1355652612922555,
          0.9148880773421432,
          3.5048016779139344
        ],
        [
          0.9245240241490442,
          0.0283759530656,
          -0.38006596014228544,
          -1.436194624835455
        ],
        [
          0.025562920052043185,
          0.9903619869742806,
          0.13612373745989614,
          0.5490802140205298
        ],
        [
          0.0,
          0.0,
          0.0,
          1.0
        ]
      ]
    },
    {
      "file_path": "/volume/data/nerf/multiview_img/ta/43_91/jpg_w5h8/imgs/00_D.jpg",
      "sharpness": 72.62414378278058,
      "transform_matrix": [
        [
          0.7244448321737239,
          -0.10498753597971953,
          0.6812909088274804,
          2.596682156328125
        ],
        [
          0.68932818072705,
          0.10672311913760682,
          -0.7165450684339937,
          -2.7166548938795616
        ],
        [
          0.0025188103231408975,
          0.9887303945744996,
          0.1496858793086157,
          0.5591255701245033
        ],
        [
          0.0,
          0.0,
          0.0,
          1.0
        ]
      ]
    },
    {
      "file_path": "/volume/data/nerf/multiview_img/ta/43_91/jpg_w5h8/imgs/01_D.jpg",
      "sharpness": 73.13219522638168,
      "transform_matrix": [
        [
          0.9253053605272485,
          -0.037022169625157635,
          0.3774113786852038,
          1.4298102099484835
        ],
        [
          0.3788029216305295,
          0.13705826687583267,
          -0.9152722972127848,
          -3.4874257058587195
        ],
        [
          -0.017841983221193194,
          0.9898708958556406,
          0.14084485506389302,
          0.5524373839763642
        ],
        [
          0.0,
          0.0,
          0.0,
          1.0
        ]
      ]
    },
    {
      "file_path": "/volume/data/nerf/multiview_img/ta/43_91/jpg_w5h8/imgs/15_E.jpg",
      "sharpness": 80.89183368013148,
      "transform_matrix": [
        [
          0.38653340872965575,
          -0.3238763016787932,
          0.8635369506697339,
          3.5348797889539894
        ],
        [
          0.9222201384073297,
          0.14598136264302064,
          -0.35804951902893767,
          -1.4442387754264936
        ],
        [
          -0.010096546710403609,
          0.9347692672507543,
          0.3551119214744775,
          1.4703034138889044
        ],
        [
          0.0,
          0.0,
          0.0,
          1.0
        ]
      ]
    },
    {
      "file_path": "/volume/data/nerf/multiview_img/ta/43_91/jpg_w5h8/imgs/01_A.jpg",
      "sharpness": 41.11203331756236,
      "transform_matrix": [
        [
          0.896364436102164,
          0.3316019597255689,
          0.2942293969383302,
          1.2493931560269775
        ],
        [
          0.4357587442896641,
          -0.5370069736506179,
          -0.7223142162699694,
          -3.1517464453210873
        ],
        [
          -0.08151757164386128,
          0.77566980769836,
          -0.6258524066932715,
          -2.6784245160909266
        ],
        [
          0.0,
          0.0,
          0.0,
          1.0
        ]
      ]
    },
    {
      "file_path": "/volume/data/nerf/multiview_img/ta/43_91/jpg_w5h8/imgs/01_E.jpg",
      "sharpness": 81.92074863869516,
      "transform_matrix": [
        [
          0.9206920996911417,
          -0.15054053018837082,
          0.3600883313330253,
          1.452302510173324
        ],
        [
          0.39010693418943426,
          0.32672563931272836,
          -0.8608524475849564,
          -3.5096757947535067
        ],
        [
          0.011943093609559816,
          0.9330530024649678,
          0.3595406195848039,
          1.4649893102886606
        ],
        [
          0.0,
          0.0,
          0.0,
          1.0
        ]
      ]
    },
    {
      "file_path": "/volume/data/nerf/multiview_img/ta/43_91/jpg_w5h8/imgs/15_F.jpg",
      "sharpness": 110.88990726974271,
      "transform_matrix": [
        [
          0.35928209558380825,
          -0.6256507172956465,
          0.6924431787270575,
          2.8922972035263115
        ],
        [
          0.9322783323589785,
          0.20713994132399463,
          -0.2965639150710259,
          -1.2366714355654846
        ],
        [
          0.04211278677646954,
          0.7520998767982684,
          0.6577022795575762,
          2.62776371871454
        ],
        [
          0.0,
          0.0,
          0.0,
          1.0
        ]
      ]
    },
    {
      "file_path": "/volume/data/nerf/multiview_img/ta/43_91/jpg_w5h8/imgs/01_C.jpg",
      "sharpness": 59.37029274058629,
      "transform_matrix": [
        [
          0.9244281496018865,
          0.051718871834749665,
          0.37783297175478875,
          1.4382802725716044
        ],
        [
          0.3811887558377218,
          -0.1546760438879632,
          -0.9114661013279974,
          -3.486821015468398
        ],
        [
          0.011301710845161609,
          0.9866106018931633,
          -0.16270154144710874,
          -0.5889229487880656
        ],
        [
          0.0,
          0.0,
          0.0,
          1.0
        ]
      ]
    },
    {
      "file_path": "/volume/data/nerf/multiview_img/ta/43_91/jpg_w5h8/imgs/02_C.jpg",
      "sharpness": 60.175465429226655,
      "transform_matrix": [
        [
          0.9994158824693087,
          0.03394831330730655,
          0.003925037192678832,
          0.0004166201143040166
        ],
        [
          0.009240505280220964,
          -0.15787121158692766,
          -0.9874164742469321,
          -3.791886851225966
        ],
        [
          -0.03290147345539885,
          0.9868759763011352,
          -0.158092695813019,
          -0.5831951370340448
        ],
        [
          0.0,
          0.0,
          0.0,
          1.0
        ]
      ]
    },
    {
      "file_path": "/volume/data/nerf/multiview_img/ta/43_91/jpg_w5h8/imgs/03_C.jpg",
      "sharpness": 118.43957433322738,
      "transform_matrix": [
        [
          0.9204535786337038,
          -0.021428797962962036,
          -0.39026403398667464,
          -1.5187504273644523
        ],
        [
          -0.3886383045081832,
          -0.156296795179006,
          -0.9080372129410651,
          -3.4930625414141234
        ],
        [
          -0.04153887180678268,
          0.9874776546632833,
          -0.15219199615946905,
          -0.548170878307423
        ],
        [
          0.0,
          0.0,
          0.0,
          1.0
        ]
      ]
    },
    {
      "file_path": "/volume/data/nerf/multiview_img/ta/43_91/jpg_w5h8/imgs/02_F.jpg",
      "sharpness": 126.44828257332935,
      "transform_matrix": [
        [
          0.9970498201021103,
          -0.07610177388035902,
          -0.01000880971413559,
          -0.0486789355775485
        ],
        [
          0.041715201276793346,
          0.6466982872191346,
          -0.7616043377569977,
          -3.1539200131439356
        ],
        [
          0.06443212119751753,
          0.7589399484378354,
          0.6479650117471213,
          2.6193123557487428
        ],
        [
          0.0,
          0.0,
          0.0,
          1.0
        ]
      ]
    },
    {
      "file_path": "/volume/data/nerf/multiview_img/ta/43_91/jpg_w5h8/imgs/03_D.jpg",
      "sharpness": 134.39322219597472,
      "transform_matrix": [
        [
          0.9196629225946336,
          0.059878726713079374,
          -0.38811679545878985,
          -1.505992306087947
        ],
        [
          -0.3926594357092284,
          0.12455804122048077,
          -0.9112101085456794,
          -3.497487393332754
        ],
        [
          -0.006219033260685224,
          0.9904038734170144,
          0.13806335926363492,
          0.5563817003787923
        ],
        [
          0.0,
          0.0,
          0.0,
          1.0
        ]
      ]
    },
    {
      "file_path": "/volume/data/nerf/multiview_img/ta/43_91/jpg_w5h8/imgs/03_E.jpg",
      "sharpness": 144.5506828675112,
      "transform_matrix": [
        [
          0.921430251977853,
          0.12650782533607727,
          -0.36737182920584505,
          -1.5188472231197914
        ],
        [
          -0.3881444316618165,
          0.3425633186298008,
          -0.855566638491277,
          -3.5141110836027463
        ],
        [
          0.01761223811822551,
          0.9309383131445268,
          0.3647515129692711,
          1.4843735776581022
        ],
        [
          0.0,
          0.0,
          0.0,
          1.0
        ]
      ]
    },
    {
      "file_path": "/volume/data/nerf/multiview_img/ta/43_91/jpg_w5h8/imgs/04_D.jpg",
      "sharpness": 174.9270388070378,
      "transform_matrix": [
        [
          0.6876289455806849,
          0.07387007934210342,
          -0.7222947075833166,
          -2.8079933477803447
        ],
        [
          -0.7259545179419393,
          0.08708839336089949,
          -0.6822064567427547,
          -2.6066789198539877
        ],
        [
          0.012508840529229213,
          0.9934580127740166,
          0.11351081793820071,
          0.5524123566582126
        ],
        [
          0.0,
          0.0,
          0.0,
          1.0
        ]
      ]
    },
    {
      "file_path": "/volume/data/nerf/multiview_img/ta/43_91/jpg_w5h8/imgs/05_D.jpg",
      "sharpness": 189.13101788217352,
      "transform_matrix": [
        [
          0.37763894935258246,
          0.10344817851934915,
          -0.9201561271426648,
          -3.5586087692483965
        ],
        [
          -0.9258924039567503,
          0.05354918638471637,
          -0.37397291470469485,
          -1.4185105020530118
        ],
        [
          0.01058679511362873,
          0.9931923071710597,
          0.11600414117923716,
          0.5575303767076938
        ],
        [
          0.0,
          0.0,
          0.0,
          1.0
        ]
      ]
    },
    {
      "file_path": "/volume/data/nerf/multiview_img/ta/43_91/jpg_w5h8/imgs/13_C.jpg",
      "sharpness": 137.42116708495107,
      "transform_matrix": [
        [
          -0.3799997619168631,
          0.15615594975901156,
          0.9117102063283434,
          3.545013344122642
        ],
        [
          0.9249765884108097,
          0.05956852866787888,
          0.37532639300246967,
          1.4758924242776903
        ],
        [
          0.004300213806456979,
          0.9859345362509602,
          -0.16707662437967208,
          -0.550503139485872
        ],
        [
          0.0,
          0.0,
          0.0,
          1.0
        ]
      ]
    },
    {
      "file_path": "/volume/data/nerf/multiview_img/ta/43_91/jpg_w5h8/imgs/12_D.jpg",
      "sharpness": 155.71700994522712,
      "transform_matrix": [
        [
          -0.6966891115929469,
          -0.09354378199881228,
          0.7112480879851073,
          2.762208760605466
        ],
        [
          0.7173606587351599,
          -0.0967033177531456,
          0.689958081070577,
          2.6447086396110597
        ],
        [
          0.0042387615297561805,
          0.990907679458554,
          0.13447677760877566,
          0.5891333468656972
        ],
        [
          0.0,
          0.0,
          0.0,
          1.0
        ]
      ]
    },
    {
      "file_path": "/volume/data/nerf/multiview_img/ta/43_91/jpg_w5h8/imgs/11_D.jpg",
      "sharpness": 163.78097840339495,
      "transform_matrix": [
        [
          -0.9222044695941892,
          -0.06896590480433924,
          0.38050311465256187,
          1.495603738939012
        ],
        [
          0.3865286263431111,
          -0.13488137155882463,
          0.9123610231831031,
          3.5553536815868374
        ],
        [
          -0.01159902148529321,
          0.9884587596889155,
          0.1510455001650737,
          0.5852682979443613
        ],
        [
          0.0,
          0.0,
          0.0,
          1.0
        ]
      ]
    }
  ]
}